xw4u1-3gsfj.mp4#t=0.066667.jpg 536,392,723,577,0 964,349,1118,527,0 797,658,996,861,1
xw4u1-3gsfj.mp4#t=0.133333.jpg 536,392,723,577,0 964,349,1118,527,0 797,658,996,861,1
xw4u1-3gsfj.mp4#t=0.2.jpg 536,392,723,577,0 964,349,1118,527,0 797,658,996,861,1
xw4u1-3gsfj.mp4#t=0.266667.jpg 536,392,723,577,0 964,349,1118,527,0 797,658,996,861,1
xw4u1-3gsfj.mp4#t=0.333333.jpg 536,392,723,577,0 964,349,1118,527,0 793,664,993,867,1
xw4u1-3gsfj.mp4#t=0.4.jpg 536,392,723,577,0 964,349,1118,527,0 793,664,993,867,1
xw4u1-3gsfj.mp4#t=0.466667.jpg 536,392,723,577,0 964,349,1118,527,0 789,660,989,863,1
xw4u1-3gsfj.mp4#t=0.533333.jpg 536,392,723,577,0 964,349,1118,527,0 789,660,989,863,1
xw4u1-3gsfj.mp4#t=0.6.jpg 536,392,723,577,0 964,349,1118,527,0 789,660,989,863,1
xw4u1-3gsfj.mp4#t=0.666667.jpg 536,392,723,577,0 964,349,1118,527,0 789,660,989,863,1
xw4u1-3gsfj.mp4#t=0.733333.jpg 536,392,723,577,0 964,349,1118,527,0 789,660,989,863,1
xw4u1-3gsfj.mp4#t=0.8.jpg 536,392,723,577,0 964,349,1118,527,0 789,660,989,863,1
xw4u1-3gsfj.mp4#t=0.866667.jpg 536,392,723,577,0 964,349,1118,527,0 789,660,989,863,1
xw4u1-3gsfj.mp4#t=0.933333.jpg 536,392,723,577,0 962,333,1126,520,0 789,653,998,855,1
xw4u1-3gsfj.mp4#t=0.jpg 536,392,723,577,0 964,349,1118,527,0 797,658,996,861,1
xw4u1-3gsfj.mp4#t=1.066667.jpg 530,387,717,572,0 962,333,1126,520,0 786,649,995,851,1
xw4u1-3gsfj.mp4#t=1.133333.jpg 530,387,717,572,0 953,327,1117,514,0 786,649,995,851,1
xw4u1-3gsfj.mp4#t=1.2.jpg 530,387,717,572,0 962,333,1126,520,0 786,649,995,851,1
xw4u1-3gsfj.mp4#t=1.266667.jpg 525,387,712,572,0 948,333,1115,520,0 782,649,987,851,1
xw4u1-3gsfj.mp4#t=1.333333.jpg 525,387,712,572,0 948,333,1115,520,0 782,649,987,851,1
xw4u1-3gsfj.mp4#t=1.4.jpg 525,387,712,572,0 948,333,1115,520,0 791,649,998,851,1
xw4u1-3gsfj.mp4#t=1.466667.jpg 530,381,717,567,0 953,322,1121,509,0 793,639,998,840,1
xw4u1-3gsfj.mp4#t=1.533333.jpg 534,369,721,554,0 962,311,1130,498,0 798,628,1004,829,1
xw4u1-3gsfj.mp4#t=1.6.jpg 534,369,721,554,0 962,311,1130,498,0 798,628,1004,829,1
xw4u1-3gsfj.mp4#t=1.666667.jpg 534,369,721,554,0 962,311,1130,498,0 798,628,1004,829,1
xw4u1-3gsfj.mp4#t=1.733333.jpg 532,349,719,534,0 960,293,1128,480,0 793,612,998,813,1
xw4u1-3gsfj.mp4#t=1.8.jpg 529,343,716,529,0 950,284,1117,471,0 784,603,989,804,1
xw4u1-3gsfj.mp4#t=1.866667.jpg 523,331,710,516,0 942,275,1110,462,0 779,595,984,797,1
xw4u1-3gsfj.mp4#t=1.933333.jpg 523,331,710,516,0 942,275,1110,462,0 770,597,975,799,1
xw4u1-3gsfj.mp4#t=1.jpg 536,392,723,577,0 962,333,1126,520,0 789,653,998,855,1
xw4u1-3gsfj.mp4#t=10.6.jpg 889,262,1070,421,0 651,397,806,637,0 466,352,678,480,1
xw4u1-3gsfj.mp4#t=15.6.jpg 709,52,833,232,0 376,340,592,520,0 775,351,987,527,1
xw4u1-3gsfj.mp4#t=2.133333.jpg 538,338,725,523,0 950,306,1117,493,0 773,613,978,815,1
xw4u1-3gsfj.mp4#t=2.2.jpg 550,343,737,529,0 960,313,1128,500,0 782,612,987,813,1
xw4u1-3gsfj.mp4#t=2.266667.jpg 565,347,752,532,0 969,327,1137,514,0 786,630,991,831,1
xw4u1-3gsfj.mp4#t=2.333333.jpg 565,347,752,532,0 969,327,1137,514,0 786,630,991,831,1
xw4u1-3gsfj.mp4#t=2.4.jpg 577,345,764,531,0 980,325,1148,513,0 791,628,996,829,1
xw4u1-3gsfj.mp4#t=2.466667.jpg 577,345,764,531,0 989,331,1157,518,0 800,622,1005,824,1
xw4u1-3gsfj.mp4#t=2.533333.jpg 599,352,786,538,0 1013,336,1180,523,0 825,637,1031,838,1
xw4u1-3gsfj.mp4#t=2.6.jpg 619,356,806,541,0 1041,343,1209,531,0 843,644,1059,858,1
xw4u1-3gsfj.mp4#t=2.666667.jpg 620,365,807,550,0 1050,363,1218,550,0 840,653,1056,867,1
xw4u1-3gsfj.mp4#t=2.733333.jpg 599,369,798,559,0 1034,370,1209,558,0 820,669,1036,883,1
xw4u1-3gsfj.mp4#t=2.8.jpg 584,354,784,545,0 1027,370,1209,558,0 791,669,1018,894,1
xw4u1-3gsfj.mp4#t=2.866667.jpg 563,327,770,523,0 1027,349,1209,538,0 768,651,1004,883,1
xw4u1-3gsfj.mp4#t=2.933333.jpg 548,300,755,496,0 1020,336,1202,525,0 759,635,995,867,1
xw4u1-3gsfj.mp4#t=2.jpg 523,331,710,516,0 939,288,1106,475,0 770,597,975,799,1
xw4u1-3gsfj.mp4#t=23.8.jpg 228,455,503,707,0 896,302,1122,572,0 671,747,960,1027,1
xw4u1-3gsfj.mp4#t=23.866667.jpg 165,435,473,709,0 887,311,1113,581,0 640,750,942,1038,1
xw4u1-3gsfj.mp4#t=23.933333.jpg 53,442,413,730,0 838,329,1094,631,0 559,788,861,1076,1
xw4u1-3gsfj.mp4#t=24.533333.jpg 147,90,511,432,0 964,214,1266,516,0 602,554,905,842,1
xw4u1-3gsfj.mp4#t=24.6.jpg 154,154,518,496,0 926,268,1229,570,0 574,565,876,853,1
xw4u1-3gsfj.mp4#t=24.666667.jpg 131,235,494,577,0 865,343,1167,646,0 532,619,834,907,1
xw4u1-3gsfj.mp4#t=25.466667.jpg 120,230,430,507,0 728,433,991,694,0 428,585,678,774,1
xw4u1-3gsfj.mp4#t=26.2.jpg 257,455,563,727,0 881,678,1162,966,0 552,784,818,959,1
xw4u1-3gsfj.mp4#t=27.066667.jpg 192,410,556,752,0 892,696,1194,999,0 509,781,811,963,1
xw4u1-3gsfj.mp4#t=27.933333.jpg 93,419,417,720,0 761,622,1041,925,0 496,806,764,988,1
xw4u1-3gsfj.mp4#t=29.2.jpg 0,577,266,838,0 295,613,606,934,0 390,925,658,1080,1
xw4u1-3gsfj.mp4#t=3.066667.jpg 530,232,737,428,0 1009,282,1191,471,0 723,581,959,813,1
xw4u1-3gsfj.mp4#t=3.133333.jpg 541,207,748,403,0 1009,270,1205,471,0 725,563,960,795,1
xw4u1-3gsfj.mp4#t=3.2.jpg 554,192,761,399,0 1009,270,1205,471,0 716,559,951,792,1
xw4u1-3gsfj.mp4#t=3.266667.jpg 559,192,743,401,0 991,291,1198,473,0 698,563,930,802,1
xw4u1-3gsfj.mp4#t=3.333333.jpg 552,217,735,426,0 984,324,1191,505,0 678,597,910,837,1
xw4u1-3gsfj.mp4#t=3.4.jpg 545,250,728,459,0 968,372,1175,554,0 656,639,897,885,1
xw4u1-3gsfj.mp4#t=3.466667.jpg 543,295,739,522,0 969,423,1176,604,0 654,684,896,930,1
xw4u1-3gsfj.mp4#t=3.533333.jpg 556,336,752,563,0 978,478,1185,660,0 651,725,892,972,1
xw4u1-3gsfj.mp4#t=3.6.jpg 575,358,771,585,0 987,514,1194,696,0 654,757,896,1004,1
xw4u1-3gsfj.mp4#t=3.666667.jpg 583,390,779,617,0 989,547,1196,729,0 649,779,890,1026,1
xw4u1-3gsfj.mp4#t=3.733333.jpg 597,388,793,615,0 991,570,1198,752,0 644,786,885,1033,1
xw4u1-3gsfj.mp4#t=3.8.jpg 601,378,797,604,0 991,570,1198,752,0 635,775,876,1022,1
xw4u1-3gsfj.mp4#t=3.866667.jpg 597,363,793,590,0 986,559,1193,741,0 619,750,860,997,1
xw4u1-3gsfj.mp4#t=3.933333.jpg 590,327,786,554,0 964,529,1196,711,0 601,718,842,964,1
xw4u1-3gsfj.mp4#t=3.jpg 536,266,743,462,0 1013,311,1194,500,0 737,608,973,840,1
xw4u1-3gsfj.mp4#t=30.533333.jpg 244,477,511,738,0 525,100,881,486,0 628,752,971,1080,1
xw4u1-3gsfj.mp4#t=30.6.jpg 266,464,511,730,0 538,91,876,444,0 651,729,953,1069,1
xw4u1-3gsfj.mp4#t=30.666667.jpg 280,468,525,734,0 538,91,876,444,0 662,709,964,1049,1
xw4u1-3gsfj.mp4#t=30.733333.jpg 305,464,550,730,0 568,77,906,430,0 672,696,975,1036,1
xw4u1-3gsfj.mp4#t=30.8.jpg 334,462,579,729,0 597,68,935,421,0 708,682,1011,1022,1
xw4u1-3gsfj.mp4#t=30.866667.jpg 365,469,610,736,0 629,79,968,432,0 741,685,1043,1026,1
xw4u1-3gsfj.mp4#t=30.933333.jpg 399,471,644,738,0 663,75,1002,428,0 775,676,1077,1017,1
xw4u1-3gsfj.mp4#t=31.066667.jpg 453,397,698,664,0 775,37,1036,322,0 809,563,1112,903,1
xw4u1-3gsfj.mp4#t=31.133333.jpg 476,376,721,642,0 800,0,1061,284,0 840,514,1142,855,1
xw4u1-3gsfj.mp4#t=31.2.jpg 502,356,746,622,0 800,0,1061,284,0 858,486,1160,826,1
xw4u1-3gsfj.mp4#t=31.266667.jpg 552,378,762,606,0 836,3,1097,264,0 905,507,1175,790,1
xw4u1-3gsfj.mp4#t=31.333333.jpg 574,417,784,646,0 861,37,1122,298,0 919,541,1189,824,1
xw4u1-3gsfj.mp4#t=31.4.jpg 608,448,818,676,0 874,79,1135,340,0 948,565,1218,847,1
xw4u1-3gsfj.mp4#t=31.466667.jpg 642,450,852,678,0 930,95,1191,356,0 989,561,1259,844,1
xw4u1-3gsfj.mp4#t=31.533333.jpg 674,451,885,680,0 969,84,1230,345,0 1032,541,1302,824,1
xw4u1-3gsfj.mp4#t=31.6.jpg 698,439,908,667,0 1002,82,1229,322,0 1056,527,1326,810,1
xw4u1-3gsfj.mp4#t=31.666667.jpg 708,419,919,648,0 1013,59,1239,298,0 1065,495,1335,777,1
xw4u1-3gsfj.mp4#t=31.733333.jpg 707,392,917,621,0 1018,28,1245,268,0 1061,457,1331,739,1
xw4u1-3gsfj.mp4#t=31.8.jpg 692,381,903,610,0 1013,14,1239,253,0 1065,433,1335,716,1
xw4u1-3gsfj.mp4#t=31.866667.jpg 707,352,917,581,0 1007,9,1234,248,0 1059,399,1329,682,1
xw4u1-3gsfj.mp4#t=31.933333.jpg 703,324,914,552,0 1009,1,1236,241,0 1052,370,1322,653,1
xw4u1-3gsfj.mp4#t=31.jpg 428,451,672,718,0 703,57,1041,410,0 798,626,1101,966,1
xw4u1-3gsfj.mp4#t=32.066667.jpg 725,289,935,518,0 1029,0,1238,174,0 1079,322,1349,604,1
xw4u1-3gsfj.mp4#t=32.133333.jpg 743,284,953,513,0 1045,0,1254,158,0 1092,302,1362,585,1
xw4u1-3gsfj.mp4#t=32.2.jpg 762,291,973,520,0 1065,0,1274,158,0 1106,318,1376,601,1
xw4u1-3gsfj.mp4#t=32.266667.jpg 762,291,973,520,0 1065,0,1274,183,0 1113,320,1383,603,1
xw4u1-3gsfj.mp4#t=32.333333.jpg 771,334,982,563,0 1085,21,1252,212,0 1110,327,1380,610,1
xw4u1-3gsfj.mp4#t=32.4.jpg 771,334,982,563,0 1099,50,1266,241,0 1113,372,1383,655,1
xw4u1-3gsfj.mp4#t=32.jpg 719,320,930,549,0 1029,0,1238,183,0 1063,342,1333,624,1
xw4u1-3gsfj.mp4#t=35.2.jpg 538,304,737,480,0 714,45,856,219,0 856,280,1040,469,1
xw4u1-3gsfj.mp4#t=37.466667.jpg 797,451,1049,684,0 572,131,789,342,0 930,273,1144,464,1
xw4u1-3gsfj.mp4#t=4.066667.jpg 594,289,789,507,0 948,525,1166,680,0 575,681,807,932,1
xw4u1-3gsfj.mp4#t=4.133333.jpg 594,311,789,507,0 944,536,1162,691,0 570,683,801,934,1
xw4u1-3gsfj.mp4#t=4.2.jpg 603,329,798,525,0 939,554,1157,709,0 557,699,789,950,1
xw4u1-3gsfj.mp4#t=4.266667.jpg 597,327,793,523,0 937,558,1155,712,0 546,699,778,950,1
xw4u1-3gsfj.mp4#t=4.333333.jpg 597,327,793,523,0 937,558,1155,712,0 546,699,778,950,1
xw4u1-3gsfj.mp4#t=4.4.jpg 606,336,802,532,0 941,565,1158,720,0 555,694,787,944,1
xw4u1-3gsfj.mp4#t=4.466667.jpg 606,336,802,532,0 933,572,1151,727,0 543,701,774,952,1
xw4u1-3gsfj.mp4#t=4.533333.jpg 592,334,788,530,0 914,567,1149,727,0 517,703,755,953,1
xw4u1-3gsfj.mp4#t=4.6.jpg 567,322,773,518,0 899,545,1135,729,0 473,703,734,953,1
xw4u1-3gsfj.mp4#t=4.666667.jpg 541,309,748,505,0 878,538,1113,721,0 442,699,703,950,1
xw4u1-3gsfj.mp4#t=4.733333.jpg 518,302,728,504,0 836,529,1112,716,0 406,692,680,959,1
xw4u1-3gsfj.mp4#t=4.8.jpg 494,298,712,500,0 807,531,1083,718,0 368,697,642,964,1
xw4u1-3gsfj.mp4#t=4.866667.jpg 467,311,685,513,0 791,541,1067,729,0 343,708,617,975,1
xw4u1-3gsfj.mp4#t=4.933333.jpg 455,307,678,509,0 770,549,1045,752,0 307,712,597,993,1
xw4u1-3gsfj.mp4#t=4.jpg 586,307,782,534,0 944,511,1176,693,0 583,698,824,945,1
xw4u1-3gsfj.mp4#t=5.066667.jpg 437,302,660,504,0 744,540,1020,743,0 273,702,563,982,1
xw4u1-3gsfj.mp4#t=5.jpg 446,311,669,513,0 748,545,1023,748,0 291,718,581,999,1
xw4u1-3gsfj.mp4#t=7.866667.jpg 664,81,878,284,0 842,405,1122,642,0 346,435,626,694,1
